Webots Project File version R2023b
perspectives: 000000ff00000000fd000000020000000100000294000003f6fc0200000001fb0000001400540065007800740045006400690074006f00720000000016000003f60000004100ffffff0000000300000780000000d9fc0100000001fb0000001a0043006f006e0073006f006c00650041006c006c0041006c006c010000000000000780000000000000000000000780000003c600000001000000020000000100000008fc00000000
simulationViewPerspectives: 000000ff0000000100000002000001c0000005be0100000002010000000101
sceneTreePerspectives: 000000ff00000001000000030000001e000000c0000000fa0100000002010000000201
minimizedPerspectives: 000000ff00000000fd000000010000000100000294000003f6fc0200000001fc00000016000003f60000000000fffffffa000000000100000002fb0000001a0043006f006e0073006f006c00650041006c006c0041006c006c0100000000ffffffff0000000000000000fb0000001400540065007800740045006400690074006f007200000008960000011c0000007700ffffff00000780000003c600000001000000020000000100000008fc00000000
maximizedDockId: -1
centralWidgetVisible: 1
projectionMode: PERSPECTIVE
renderingMode: PLAIN
orthographicViewHeight: 9.84973
textFiles: -1
renderingDevicePerspectives: Camera:camera;0;0.0488957;0.0276775;0.0739514;326;355;421;316;0
renderingDevicePerspectives: Camera:image display;1;0.138694;0.0125415;0.0557707
